00000000000000000000000001000100
00000000000000000000000001000100
00000000000000000000000001000100
00000000000000000000000001000100
00000000000000000000000001000100
00000000000000000000000001000100
00000000000000000000000001000100
00000000000000000000000001000100
00000000000000000000000001000100
00000000000000000000000001000100
00000000000000000000000001000100
00000000000000000000000001000100
00000000000000000000000001000100
00011000000000000000000000000000
11111111111111111111111111111111
11111111111111111111111111111110
11111111111111111111111111111101
00000000000000000000000000000001
00000000000000000000000000000010
00000000000000000000000000000100
11111111111111111111111111111100
00000000000000000000000000001010
00000000000000000000000000000111
00000000000000000000000000001001
00000000000000000000000000000001
00000000000000000000000000000000
11111111111111111111111111111111
00000000000000000000000000000001
11111111111111111111111111111111
00000000000000000000000000000000
